TEAM GP W L MIN OFFRTG DEFRTG NETRTG AST% AST/TO AST
RATIO OREB% DREB% REB% TOV% EFG% TS% PACE PIE POSS

1
San Antonio Spurs
82 62 20 3951.0 109.5 101.4 8.1 62.1 1.75 19.0 26.1 72.5 50.3 15.0 53.7 57.1 95.87 55.5 7,887
2
Los Angeles Clippers
82 57 25 3951.0 111.3 104.0 7.3 62.8 1.77 18.3 28.8 69.0 49.6 14.3 52.6 56.7 96.66 54.8 7,954
3
Oklahoma City Thunder
82 59 23 3961.0 109.4 103.0 6.4 56.2 1.43 16.6 29.4 72.2 51.8 15.8 52.0 56.6 96.33 54.3 7,954
4
Miami Heat
82 54 28 3976.0 110.0 105.0 5.1 58.8 1.52 18.1 24.4 68.6 47.6 15.9 55.4 59.0 91.90 53.9 7,615
5
Golden State Warriors
82 51 31 3966.0 106.3 101.4 4.9 59.1 1.53 17.4 28.4 72.4 50.8 15.5 51.7 55.0 97.37 52.8 8,045
6
Indiana Pacers
82 56 26 3956.0 103.6 98.9 4.7 56.0 1.33 15.9 29.6 72.1 51.7 16.2 49.0 53.5 92.89 54.5 7,656
7
Houston Rockets
82 54 28 3966.0 109.8 105.2 4.6 56.3 1.33 16.1 30.6 70.0 51.3 16.5 53.1 57.1 97.27 53.4 8,040
8
Portland Trail Blazers
82 54 28 3971.0 110.4 106.2 4.2 59.4 1.69 17.2 32.0 71.3 51.7 14.2 50.4 54.8 95.90 52.4 7,930
9
Toronto Raptors
82 48 34 3991.0 107.9 104.6 3.3 58.1 1.50 16.4 31.2 70.1 50.5 15.1 49.8 54.5 92.48 51.2 7,696
10
Phoenix Suns
82 48 34 3951.0 108.2 105.6 2.6 49.3 1.24 14.7 29.8 69.9 50.0 15.8 51.9 55.8 96.83 50.9 7,973
11
Minnesota Timberwolves
82 40 42 3971.0 107.7 105.2 2.6 61.6 1.72 17.3 31.7 71.5 50.8 14.0 48.6 53.5 98.33 51.9 8,139
12
Dallas Mavericks
82 49 33 3966.0 109.5 107.2 2.3 59.6 1.74 18.0 27.6 69.4 48.7 14.1 52.6 56.4 94.94 52.1 7,852
13
Chicago Bulls
82 48 34 3986.0 101.7 99.9 1.9 65.4 1.52 17.6 32.1 71.3 51.8 16.2 47.1 51.8 90.84 52.8 7,549
14
Memphis Grizzlies
82 50 32 3961.0 105.5 103.8 1.7 57.4 1.59 17.1 32.6 71.8 52.1 15.0 49.4 52.9 90.58 51.8 7,476
15
Washington Wizards
82 44 38 4011.0 104.9 103.6 1.3 60.1 1.59 17.6 28.6 71.9 49.8 15.3 50.6 53.8 94.18 50.4 7,872
16
Charlotte Bobcats
82 43 39 3981.0 103.0 103.3 -0.4 59.7 1.76 16.9 26.9 73.0 50.0 13.1 48.1 52.2 92.93 50.8 7,712
17
Atlanta Hawks
82 38 44 3966.0 104.9 105.7 -0.7 66.7 1.63 18.8 25.6 71.1 48.5 15.9 51.5 55.4 95.41 50.2 7,892
18
New York Knicks
82 37 45 3971.0 107.0 108.1 -1.1 54.2 1.54 16.0 29.1 70.5 49.2 14.1 50.5 54.1 91.24 49.0 7,556
19
Brooklyn Nets
82 44 38 3976.0 105.4 106.7 -1.3 58.5 1.44 16.7 26.0 68.6 47.5 15.5 51.4 55.5 92.42 49.2 7,663
20
Denver Nuggets
82 36 46 3951.0 105.1 107.3 -2.2 58.4 1.41 16.4 31.0 70.3 50.5 16.0 49.7 53.6 98.95 48.1 8,146
21
Sacramento Kings
82 28 54 3966.0 105.1 107.8 -2.7 51.1 1.24 14.6 31.6 72.5 51.8 15.9 48.4 53.2 95.04 47.3 7,840
22
New Orleans Pelicans
82 34 48 3971.0 106.2 109.1 -3.0 56.3 1.55 16.5 30.5 69.4 49.7 14.7 49.5 53.7 93.07 48.3 7,703
23
Cleveland Cavaliers
82 33 49 3986.0 103.5 107.0 -3.6 57.2 1.49 16.2 31.4 71.1 50.8 14.9 47.9 51.8 93.69 46.9 7,784
24
Detroit Pistons
82 29 53 3956.0 105.2 109.0 -3.7 53.9 1.44 15.6 34.7 69.3 51.1 15.2 48.2 51.4 95.57 46.4 7,874
25
Boston Celtics
82 25 57 3946.0 101.9 106.5 -4.6 57.6 1.37 16.2 31.4 70.8 50.5 16.3 47.7 51.7 94.28 46.1 7,745
26
Orlando Magic
82 23 59 3991.0 101.0 106.6 -5.7 57.1 1.41 16.4 26.7 71.4 49.0 15.6 48.7 52.5 94.27 46.6 7,837
27
Los Angeles Lakers
82 27 55 3941.0 103.2 109.3 -6.0 63.9 1.62 18.1 23.5 67.6 45.9 15.2 50.5 54.2 99.72 46.0 8,177
28
Utah Jazz
82 25 57 3956.0 102.4 110.1 -7.6 56.4 1.39 16.1 29.7 70.8 49.7 15.8 48.4 52.3 92.32 45.1 7,605
29
Milwaukee Bucks
82 15 67 3976.0 101.9 110.2 -8.3 59.6 1.42 16.5 31.0 67.8 49.0 16.1 47.9 51.9 92.96 44.9 7,685
30
Philadelphia 76ers
82 19 63 3971.0 99.0 109.0 -10.0 57.6 1.29 16.0 29.0 68.4 47.9 16.8 47.5 51.0 99.74 42.6 8,236

TEAM
1
San Antonio Spurs
2
Los Angeles Clippers
3
Oklahoma City Thunder
4
Miami Heat
5
Golden State Warriors
6
Indiana Pacers
7
Houston Rockets
8
Portland Trail Blazers
9
Toronto Raptors
10
Phoenix Suns
11
Minnesota Timberwolves
12
Dallas Mavericks
13
Chicago Bulls
14
Memphis Grizzlies
15
Washington Wizards
16
Charlotte Bobcats
17
Atlanta Hawks
18
New York Knicks
19
Brooklyn Nets
20
Denver Nuggets
21
Sacramento Kings
22
New Orleans Pelicans
23
Cleveland Cavaliers
24
Detroit Pistons
25
Boston Celtics
26
Orlando Magic
27
Los Angeles Lakers
28
Utah Jazz
29
Milwaukee Bucks
30
Philadelphia 76ers