TEAM GP W L MIN OFFRTG DEFRTG NETRTG AST% AST/TO AST
RATIO OREB% DREB% REB% TOV% EFG% TS% PACE PIE POSS

1
San Antonio Spurs
82 58 24 3966.0 105.0 96.6 8.3 61.7 1.55 17.2 29.7 70.3 51.1 15.2 49.6 54.1 90.87 57.3 7,514
2
Sacramento Kings
82 55 27 4016.0 104.2 98.5 5.7 59.1 1.52 16.8 30.7 67.9 49.7 15.2 48.4 52.9 95.61 54.0 8,010
3
Utah Jazz
82 53 29 3956.0 106.1 100.9 5.2 71.3 1.63 19.6 33.2 70.1 51.9 17.3 49.7 54.6 91.08 54.8 7,503
4
Philadelphia 76ers
82 56 26 3971.0 101.9 97.3 4.6 58.3 1.31 16.0 33.4 70.4 52.3 17.0 46.8 51.8 92.09 53.6 7,619
5
Dallas Mavericks
82 53 29 3961.0 105.6 101.2 4.4 56.4 1.52 16.5 27.2 67.8 48.1 14.6 49.8 54.4 94.52 52.3 7,803
6
Milwaukee Bucks
82 52 30 3956.0 106.8 102.6 4.2 59.3 1.64 17.2 30.1 68.3 49.4 14.5 49.9 54.2 93.89 51.9 7,733
7
Portland Trail Blazers
82 50 32 3956.0 104.7 100.5 4.2 65.3 1.56 18.6 33.3 70.0 52.2 16.8 49.7 53.9 90.53 54.4 7,475
8
Los Angeles Lakers
82 56 26 3981.0 107.0 103.6 3.5 60.7 1.59 17.4 33.8 69.1 51.7 15.4 49.8 53.5 92.90 53.2 7,710
9
New York Knicks
82 48 34 3981.0 100.0 97.0 3.0 55.2 1.28 15.6 27.6 70.7 49.8 16.3 47.6 52.3 87.74 52.0 7,276
10
Houston Rockets
82 45 37 3966.0 105.2 102.8 2.4 54.8 1.34 15.7 30.5 69.1 50.2 15.9 49.2 53.8 91.66 50.9 7,575
11
Toronto Raptors
82 47 35 3991.0 104.4 102.0 2.3 65.7 1.86 18.2 33.9 70.0 51.5 14.1 46.8 51.0 92.22 52.2 7,671
12
Miami Heat
82 50 32 3976.0 99.4 97.1 2.3 60.5 1.45 16.4 28.0 70.0 49.0 15.3 46.9 51.5 88.39 52.3 7,331
13
Phoenix Suns
82 51 31 3961.0 98.9 96.7 2.3 64.7 1.52 17.5 30.5 70.2 50.0 16.1 46.0 50.6 94.41 52.1 7,792
14
Charlotte Hornets
82 46 36 3976.0 99.7 97.6 2.1 67.9 1.61 17.8 31.5 71.0 51.3 15.6 45.7 50.6 91.24 52.7 7,565
15
Minnesota Timberwolves
82 47 35 3966.0 103.9 102.4 1.6 66.2 1.83 19.0 31.5 68.2 49.8 14.8 48.2 52.3 92.99 51.8 7,679
16
Orlando Magic
82 43 39 3991.0 102.1 101.1 1.0 59.8 1.45 16.6 32.1 66.2 48.9 15.9 47.4 51.3 94.14 49.5 7,828
17
Seattle SuperSonics
82 44 38 3961.0 104.4 104.2 0.2 59.2 1.43 16.9 32.1 66.8 49.6 16.4 49.1 53.0 92.69 49.4 7,643
18
Indiana Pacers
82 41 41 3996.0 100.3 100.5 -0.2 62.3 1.42 16.9 29.7 68.5 49.7 16.4 47.1 51.9 90.89 51.0 7,566
19
Detroit Pistons
82 32 50 3971.0 98.5 100.3 -1.8 55.8 1.25 14.9 32.5 69.1 50.5 16.4 45.3 49.8 96.15 48.0 7,955
20
Boston Celtics
82 36 46 3966.0 100.1 102.3 -2.2 61.6 1.33 16.2 28.0 69.0 47.8 16.6 47.3 52.1 93.81 46.8 7,748
21
Denver Nuggets
82 40 42 3956.0 102.2 104.9 -2.8 66.1 1.73 18.0 30.6 69.0 49.7 14.7 47.0 51.1 93.98 48.0 7,751
22
Los Angeles Clippers
82 31 51 4006.0 100.3 103.2 -2.9 54.7 1.23 15.3 32.2 68.2 50.6 17.1 47.6 51.4 90.67 47.6 7,559
23
Cleveland Cavaliers
82 30 52 3966.0 99.3 103.5 -4.2 59.1 1.27 16.2 33.1 67.8 50.5 17.7 45.9 50.9 92.32 46.9 7,613
24
New Jersey Nets
82 26 56 3946.0 98.4 103.8 -5.4 57.6 1.33 15.4 29.2 67.3 47.7 15.7 45.2 50.4 93.35 44.6 7,674
25
Atlanta Hawks
82 25 57 3946.0 96.9 102.4 -5.5 54.2 1.14 14.9 31.3 69.1 50.1 17.8 45.6 50.0 93.63 45.2 7,695
26
Vancouver Grizzlies
82 23 59 3956.0 98.2 104.2 -6.0 66.2 1.47 17.9 29.3 67.5 48.4 16.8 46.4 51.0 93.03 46.5 7,662
27
Washington Wizards
82 19 63 3936.0 99.4 106.2 -6.8 58.1 1.18 15.6 32.8 68.4 50.2 18.1 46.0 51.4 93.97 45.3 7,695
28
Golden State Warriors
82 17 65 3956.0 96.3 105.5 -9.2 60.9 1.37 15.9 35.7 68.0 50.4 16.5 42.9 47.0 95.70 42.7 7,879
29
Chicago Bulls
82 15 67 3971.0 95.9 105.9 -10.0 66.5 1.40 17.4 30.2 67.3 48.0 17.3 45.0 49.5 90.47 43.2 7,486

TEAM
1
San Antonio Spurs
2
Sacramento Kings
3
Utah Jazz
4
Philadelphia 76ers
5
Dallas Mavericks
6
Milwaukee Bucks
7
Portland Trail Blazers
8
Los Angeles Lakers
9
New York Knicks
10
Houston Rockets
11
Toronto Raptors
12
Miami Heat
13
Phoenix Suns
14
Charlotte Hornets
15
Minnesota Timberwolves
16
Orlando Magic
17
Seattle SuperSonics
18
Indiana Pacers
19
Detroit Pistons
20
Boston Celtics
21
Denver Nuggets
22
Los Angeles Clippers
23
Cleveland Cavaliers
24
New Jersey Nets
25
Atlanta Hawks
26
Vancouver Grizzlies
27
Washington Wizards
28
Golden State Warriors
29
Chicago Bulls