TEAM GP W L MIN OFFRTG DEFRTG NETRTG AST% AST/TO AST
RATIO OREB% DREB% REB% TOV% EFG% TS% PACE PIE POSS

1
Milwaukee Bucks
82 60 22 3956.0 113.5 104.9 8.6 60.1 1.88 18.3 25.0 75.7 51.6 13.3 55.0 58.3 103.57 55.3 8,533
2
Golden State Warriors
82 57 25 3961.0 115.0 108.6 6.5 66.8 2.06 20.4 25.7 72.7 50.5 13.9 56.5 59.6 101.74 54.6 8,390
3
Toronto Raptors
82 58 24 3976.0 112.6 106.8 5.8 60.3 1.81 18.2 26.5 72.6 50.2 13.8 54.3 57.9 100.51 53.3 8,334
4
Utah Jazz
82 50 32 3951.0 110.3 105.3 5.0 64.4 1.72 18.5 27.5 75.9 52.2 14.9 53.8 57.2 100.84 53.9 8,308
5
Houston Rockets
82 53 29 3966.0 114.9 110.1 4.8 54.1 1.59 15.9 26.9 70.0 48.1 13.5 54.2 58.1 98.39 49.8 8,130
6
Boston Celtics
82 49 33 3956.0 111.3 107.0 4.3 62.4 2.05 18.8 25.7 72.8 49.5 12.7 53.4 56.7 100.43 53.0 8,282
7
Portland Trail Blazers
82 53 29 3971.0 113.7 109.5 4.2 54.4 1.66 16.6 30.8 73.9 52.6 13.7 52.8 56.8 99.96 52.1 8,269
8
Denver Nuggets
82 54 28 3946.0 112.1 108.1 4.0 65.3 2.04 19.3 30.8 74.4 52.4 13.6 52.7 55.8 98.49 52.4 8,096
9
Indiana Pacers
82 48 34 3941.0 109.4 106.0 3.4 62.8 1.90 18.9 26.9 72.2 49.9 13.9 53.0 56.1 98.64 52.7 8,097
10
Oklahoma City Thunder
82 49 33 3971.0 109.8 106.5 3.4 54.8 1.67 16.3 29.8 73.8 50.9 13.4 51.4 54.5 103.38 50.6 8,549
11
Philadelphia 76ers
82 51 31 3961.0 111.6 109.0 2.6 64.8 1.80 18.7 27.8 74.1 51.7 14.4 53.2 57.4 102.59 52.9 8,467
12
San Antonio Spurs
82 48 34 3961.0 112.2 110.6 1.6 58.0 2.03 18.1 24.6 74.4 50.1 12.2 53.4 57.2 98.88 51.6 8,162
13
LA Clippers
82 48 34 3966.0 111.4 110.4 1.0 58.2 1.65 17.1 26.3 72.2 50.0 14.1 52.9 57.5 102.66 50.5 8,475
14
Orlando Magic
82 42 40 3956.0 108.2 107.6 0.6 63.2 1.94 18.6 25.9 75.4 50.4 13.3 51.8 55.0 98.65 50.8 8,133
15
Brooklyn Nets
82 42 40 3996.0 108.9 109.0 -0.1 59.2 1.58 16.9 28.2 72.0 50.1 14.6 52.0 55.6 101.52 49.2 8,452
16
Detroit Pistons
82 41 41 3971.0 108.4 108.7 -0.3 57.9 1.63 16.5 29.1 74.5 50.9 14.0 50.9 54.4 97.88 48.2 8,101
17
Miami Heat
82 39 43 3946.0 106.7 107.1 -0.4 61.2 1.65 17.6 29.1 73.1 50.9 14.9 51.5 54.2 98.73 50.1 8,122
18
Sacramento Kings
82 39 43 3946.0 109.6 110.8 -1.2 58.8 1.90 17.7 26.8 71.3 48.7 12.8 52.4 55.4 103.88 49.5 8,545
19
Charlotte Hornets
82 39 43 3966.0 110.7 112.0 -1.3 57.8 1.90 17.0 26.8 73.1 49.5 12.2 51.4 55.4 99.18 48.6 8,202
20
New Orleans Pelicans
82 33 49 3951.0 110.7 112.0 -1.3 61.9 1.82 18.6 28.5 72.9 50.9 14.2 52.9 56.3 103.89 49.8 8,553
21
Dallas Mavericks
82 33 49 3956.0 108.7 110.1 -1.5 60.3 1.64 17.0 27.3 73.4 50.3 14.2 51.9 55.5 99.60 49.2 8,216
22
Los Angeles Lakers
82 37 45 3956.0 107.4 108.9 -1.6 60.0 1.63 17.8 27.0 72.5 50.2 15.0 52.7 55.4 103.60 49.5 8,534
23
Minnesota Timberwolves
82 36 46 3966.0 110.6 112.2 -1.6 59.1 1.88 17.4 29.2 70.9 49.7 12.9 51.1 55.2 100.88 49.8 8,341
24
Memphis Grizzlies
82 33 49 3976.0 105.6 108.0 -2.4 63.1 1.71 17.9 24.7 72.4 48.4 14.3 50.8 54.8 97.15 49.0 8,038
25
Washington Wizards
82 32 50 3986.0 110.2 112.9 -2.7 62.3 1.87 18.4 25.2 70.6 47.7 13.6 53.1 56.7 102.23 48.7 8,486
26
Atlanta Hawks
82 29 53 3971.0 107.5 113.1 -5.5 62.4 1.52 17.7 28.4 71.8 49.6 16.2 52.2 55.5 104.56 46.4 8,642
27
Chicago Bulls
82 22 60 3981.0 104.5 112.8 -8.3 55.0 1.55 16.3 24.2 72.7 48.3 14.1 50.5 54.1 99.30 45.3 8,232
28
New York Knicks
82 17 65 3956.0 104.0 112.9 -8.9 52.5 1.43 14.9 26.4 71.7 48.6 14.0 49.0 52.9 100.16 44.2 8,244
29
Phoenix Suns
82 19 63 3976.0 105.3 114.2 -8.9 59.5 1.53 17.3 24.7 68.3 46.4 15.3 51.4 55.2 101.15 45.0 8,371
30
Cleveland Cavaliers
82 19 63 3951.0 106.8 116.8 -10.0 53.2 1.54 15.6 28.2 73.2 49.6 13.8 50.3 54.0 97.37 43.6 8,021

TEAM
1
Milwaukee Bucks
2
Golden State Warriors
3
Toronto Raptors
4
Utah Jazz
5
Houston Rockets
6
Boston Celtics
7
Portland Trail Blazers
8
Denver Nuggets
9
Indiana Pacers
10
Oklahoma City Thunder
11
Philadelphia 76ers
12
San Antonio Spurs
13
LA Clippers
14
Orlando Magic
15
Brooklyn Nets
16
Detroit Pistons
17
Miami Heat
18
Sacramento Kings
19
Charlotte Hornets
20
New Orleans Pelicans
21
Dallas Mavericks
22
Los Angeles Lakers
23
Minnesota Timberwolves
24
Memphis Grizzlies
25
Washington Wizards
26
Atlanta Hawks
27
Chicago Bulls
28
New York Knicks
29
Phoenix Suns
30
Cleveland Cavaliers