TEAM GP W L MIN OFFRTG DEFRTG NETRTG AST% AST/TO AST
RATIO OREB% DREB% REB% TOV% EFG% TS% PACE PIE POSS

1
San Antonio Spurs
82 67 15 3941.0 109.3 98.2 11.1 61.1 1.88 18.8 26.6 74.6 51.6 13.8 52.6 56.4 94.54 57.8 7,767
2
Golden State Warriors
82 73 9 3976.0 113.5 102.8 10.6 68.0 1.91 20.4 26.7 72.0 50.7 15.0 56.3 59.3 100.24 56.7 8,303
3
Oklahoma City Thunder
82 55 27 3966.0 112.1 104.8 7.4 55.8 1.44 16.7 34.7 72.0 54.1 16.2 52.4 56.5 97.54 54.6 8,061
4
Cleveland Cavaliers
82 57 25 3971.0 110.2 103.9 6.3 58.7 1.67 17.4 29.4 74.2 51.9 14.3 52.4 55.8 93.82 52.8 7,764
5
LA Clippers
82 53 29 3966.0 107.2 102.7 4.5 59.6 1.76 17.4 23.4 69.7 47.2 13.3 52.4 55.6 96.81 53.3 7,995
6
Toronto Raptors
82 56 26 3956.0 109.3 104.8 4.4 51.1 1.43 14.9 30.0 73.6 52.0 13.9 50.4 55.2 93.35 52.5 7,707
7
Atlanta Hawks
82 48 34 3966.0 104.6 100.8 3.9 66.3 1.71 19.0 23.4 69.8 47.4 15.2 51.6 55.2 97.63 52.8 8,059
8
Boston Celtics
82 48 34 3956.0 105.8 102.5 3.3 61.6 1.76 17.4 29.0 70.7 49.5 13.8 48.8 53.1 99.43 52.0 8,191
9
Charlotte Hornets
82 48 34 3971.0 106.4 103.7 2.7 58.6 1.73 16.7 24.4 75.4 49.9 12.9 50.2 54.5 96.24 51.1 7,966
10
Utah Jazz
82 40 42 3991.0 105.0 103.2 1.8 52.6 1.27 15.1 30.3 73.1 51.7 16.1 50.1 54.0 91.66 50.8 7,625
11
Miami Heat
82 48 34 3966.0 105.5 103.7 1.7 54.3 1.48 16.3 28.0 72.9 51.2 14.8 50.8 54.5 94.14 52.5 7,779
12
Indiana Pacers
82 45 37 3976.0 103.8 102.2 1.6 55.4 1.43 16.1 27.1 71.4 49.4 15.1 49.7 53.6 97.35 51.8 8,068
13
Portland Trail Blazers
82 44 38 3961.0 107.6 106.8 0.8 55.2 1.46 16.0 29.4 72.8 51.0 15.0 51.1 54.8 97.06 49.3 8,012
14
Detroit Pistons
82 44 38 3976.0 105.3 104.9 0.3 51.2 1.44 14.8 31.3 75.3 52.1 14.0 49.1 52.2 95.75 48.6 7,942
15
Houston Rockets
82 41 41 3966.0 107.3 107.3 0.0 58.9 1.39 16.4 29.7 69.2 49.2 16.1 51.6 55.3 98.42 49.0 8,139
16
Dallas Mavericks
82 42 40 4001.0 105.5 105.9 -0.4 59.2 1.73 17.0 24.1 72.3 48.4 13.2 50.2 54.4 95.34 50.3 7,950
17
Washington Wizards
82 41 41 3951.0 104.5 105.1 -0.5 61.9 1.69 18.1 25.0 73.7 49.0 14.5 51.1 54.4 99.16 49.7 8,163
18
Chicago Bulls
82 42 40 3981.0 104.1 105.5 -1.4 59.1 1.64 17.0 29.0 71.4 50.6 14.2 48.7 52.6 96.60 49.4 8,008
19
Orlando Magic
82 35 47 3981.0 104.4 106.0 -1.6 59.6 1.67 17.6 27.1 72.6 49.5 14.4 50.0 53.3 96.68 48.8 8,018
20
Sacramento Kings
82 33 49 3961.0 105.3 107.6 -2.3 61.2 1.52 17.6 28.1 71.7 50.0 16.0 51.0 54.6 100.66 49.4 8,302
21
Memphis Grizzlies
82 42 40 3966.0 104.7 107.1 -2.4 56.2 1.56 16.0 29.8 70.9 49.5 14.0 47.7 52.4 93.95 48.3 7,763
22
New York Knicks
82 32 50 3961.0 103.9 106.7 -2.8 55.7 1.53 16.0 28.0 71.8 50.2 14.2 48.3 52.7 94.12 48.7 7,763
23
Denver Nuggets
82 33 49 3966.0 104.9 108.2 -3.3 60.1 1.55 16.9 30.4 73.2 51.3 15.1 48.9 53.1 96.34 47.9 7,963
24
Minnesota Timberwolves
82 29 53 3976.0 105.4 109.0 -3.5 61.9 1.56 17.6 27.9 70.2 49.4 15.5 49.8 54.9 96.20 49.7 7,965
25
New Orleans Pelicans
82 30 52 3956.0 104.8 108.4 -3.7 57.7 1.65 16.8 25.2 74.8 49.3 13.7 49.8 53.7 97.64 47.2 8,041
26
Milwaukee Bucks
82 33 49 3966.0 103.4 107.8 -4.5 60.3 1.52 17.6 28.6 68.9 49.0 15.9 49.9 53.7 95.05 48.3 7,858
27
Phoenix Suns
82 23 59 3941.0 101.5 107.9 -6.5 55.8 1.21 15.4 29.7 73.3 50.8 17.3 48.7 52.6 99.39 45.0 8,152
28
Brooklyn Nets
82 21 61 3951.0 102.4 109.7 -7.4 58.3 1.51 17.0 27.9 71.6 49.4 15.3 49.2 52.7 96.12 46.0 7,903
29
Los Angeles Lakers
82 17 65 3946.0 100.7 110.3 -9.7 51.3 1.31 14.1 27.1 71.2 48.4 14.2 46.0 50.9 96.55 42.4 7,930
30
Philadelphia 76ers
82 10 72 3961.0 98.4 108.6 -10.2 59.4 1.31 16.3 25.0 69.3 46.6 16.5 48.7 51.9 98.44 42.8 8,119

TEAM
1
San Antonio Spurs
2
Golden State Warriors
3
Oklahoma City Thunder
4
Cleveland Cavaliers
5
LA Clippers
6
Toronto Raptors
7
Atlanta Hawks
8
Boston Celtics
9
Charlotte Hornets
10
Utah Jazz
11
Miami Heat
12
Indiana Pacers
13
Portland Trail Blazers
14
Detroit Pistons
15
Houston Rockets
16
Dallas Mavericks
17
Washington Wizards
18
Chicago Bulls
19
Orlando Magic
20
Sacramento Kings
21
Memphis Grizzlies
22
New York Knicks
23
Denver Nuggets
24
Minnesota Timberwolves
25
New Orleans Pelicans
26
Milwaukee Bucks
27
Phoenix Suns
28
Brooklyn Nets
29
Los Angeles Lakers
30
Philadelphia 76ers