TEAM GP W L MIN OFFRTG DEFRTG NETRTG AST% AST/TO AST
RATIO OREB% DREB% REB% TOV% EFG% TS% PACE PIE POSS

1
San Antonio Spurs
82 57 25 3951.0 101.0 93.1 7.9 59.0 1.39 16.3 31.9 71.0 51.6 16.2 47.3 51.1 90.23 56.6 7,428
2
Detroit Pistons
82 54 28 3956.0 100.3 93.9 6.5 62.0 1.37 16.6 33.2 68.6 51.2 16.8 46.1 51.1 89.34 55.8 7,365
3
Indiana Pacers
82 61 21 3961.0 102.5 96.2 6.3 64.4 1.50 17.3 32.0 70.6 51.1 16.2 47.1 52.0 88.54 53.9 7,311
4
Minnesota Timberwolves
82 58 24 3951.0 104.2 98.5 5.7 62.3 1.81 18.2 30.3 69.1 50.7 14.0 48.6 52.8 90.24 55.4 7,441
5
Sacramento Kings
82 55 27 3956.0 108.6 103.2 5.4 69.4 1.89 19.6 29.2 67.6 48.8 14.6 50.7 55.4 94.25 54.4 7,765
6
Dallas Mavericks
82 52 30 3961.0 110.4 105.9 4.5 59.1 1.96 17.7 33.5 68.6 50.7 12.8 49.5 53.6 94.62 52.7 7,814
7
Los Angeles Lakers
82 56 26 3971.0 104.2 100.1 4.1 64.3 1.72 17.9 31.3 70.1 50.6 14.6 48.1 52.2 93.39 53.8 7,729
8
Memphis Grizzlies
82 50 32 3976.0 103.4 100.8 2.6 64.6 1.56 17.7 32.5 65.5 48.9 16.0 47.9 52.2 92.60 52.2 7,670
9
New Jersey Nets
82 47 35 3941.0 99.0 96.4 2.6 71.4 1.66 19.1 28.9 71.1 50.1 16.2 47.1 51.5 90.97 53.3 7,475
10
Houston Rockets
82 45 37 3986.0 99.7 97.8 1.9 57.7 1.15 15.8 30.5 70.8 51.6 18.6 48.4 52.8 88.92 51.3 7,384
11
Milwaukee Bucks
82 41 41 3956.0 104.6 103.5 1.1 63.0 1.69 17.5 30.8 69.0 49.9 14.4 47.7 52.8 93.20 51.0 7,682
12
Denver Nuggets
82 43 39 3946.0 102.4 101.4 1.0 59.9 1.40 16.5 33.7 66.4 49.8 16.4 46.7 51.7 94.64 50.5 7,786
13
Miami Heat
82 42 40 3951.0 100.6 100.3 0.3 57.3 1.38 15.6 30.7 70.7 50.4 15.4 46.3 51.0 89.30 49.6 7,361
14
New Orleans Hornets
82 41 41 3966.0 100.7 100.6 0.1 61.9 1.40 16.4 33.2 68.1 50.2 16.4 46.0 50.5 90.59 49.1 7,476
15
Seattle SuperSonics
82 37 45 3961.0 105.6 106.4 -0.8 60.6 1.50 17.1 30.2 65.5 47.9 15.8 50.1 54.0 91.34 49.1 7,542
16
Golden State Warriors
82 37 45 3971.0 101.5 102.6 -1.1 58.5 1.39 16.2 31.2 69.4 50.3 16.1 47.5 51.7 90.95 49.1 7,535
17
Utah Jazz
82 42 40 3956.0 100.0 101.3 -1.3 62.1 1.22 16.3 37.3 69.1 52.9 18.8 45.6 50.9 88.26 49.3 7,271
18
Portland Trail Blazers
82 41 41 3996.0 102.1 103.5 -1.5 61.0 1.46 17.2 34.4 67.0 50.7 16.6 47.8 51.5 87.54 48.8 7,289
19
Boston Celtics
82 36 46 3941.0 100.7 102.2 -1.5 59.2 1.26 16.1 27.9 65.8 47.3 17.2 48.6 53.2 94.47 49.0 7,757
20
New York Knicks
82 39 43 3976.0 99.7 101.3 -1.6 58.8 1.31 16.4 30.7 70.1 50.8 17.0 47.4 51.8 91.29 48.8 7,563
21
Cleveland Cavaliers
82 35 47 3971.0 100.6 103.1 -2.6 61.9 1.49 16.9 34.0 68.8 51.4 16.0 45.1 49.8 91.71 49.1 7,577
22
Philadelphia 76ers
82 33 49 3971.0 97.8 100.4 -2.6 61.1 1.25 16.1 31.3 68.1 49.8 17.7 45.6 50.5 89.26 48.4 7,379
23
Toronto Raptors
82 33 49 3996.0 95.3 98.8 -3.4 59.3 1.35 15.9 27.0 67.3 47.1 15.9 45.4 49.5 88.24 47.6 7,348
24
Phoenix Suns
82 29 53 3946.0 100.3 104.2 -3.8 53.6 1.27 15.3 29.7 66.1 47.9 16.2 47.5 51.5 93.72 46.6 7,699
25
Los Angeles Clippers
82 28 54 3961.0 101.9 106.6 -4.7 58.7 1.23 15.5 36.2 67.7 51.7 17.6 45.3 51.2 92.49 46.4 7,624
26
Atlanta Hawks
82 28 54 3981.0 99.1 103.9 -4.8 58.3 1.22 15.7 30.8 68.6 50.0 17.6 46.5 51.4 92.68 46.6 7,680
27
Washington Wizards
82 25 57 3966.0 97.2 102.9 -5.7 55.7 1.07 14.5 33.3 66.7 49.6 18.6 45.4 50.0 93.90 44.1 7,751
28
Chicago Bulls
82 23 59 3966.0 95.6 102.1 -6.5 64.1 1.36 16.7 31.1 67.9 49.1 17.2 44.6 48.6 93.23 44.6 7,694
29
Orlando Magic
82 21 61 3966.0 101.4 108.8 -7.4 54.5 1.41 15.2 31.5 65.7 48.1 14.8 46.1 50.4 92.14 43.4 7,608

TEAM
1
San Antonio Spurs
2
Detroit Pistons
3
Indiana Pacers
4
Minnesota Timberwolves
5
Sacramento Kings
6
Dallas Mavericks
7
Los Angeles Lakers
8
Memphis Grizzlies
9
New Jersey Nets
10
Houston Rockets
11
Milwaukee Bucks
12
Denver Nuggets
13
Miami Heat
14
New Orleans Hornets
15
Seattle SuperSonics
16
Golden State Warriors
17
Utah Jazz
18
Portland Trail Blazers
19
Boston Celtics
20
New York Knicks
21
Cleveland Cavaliers
22
Philadelphia 76ers
23
Toronto Raptors
24
Phoenix Suns
25
Los Angeles Clippers
26
Atlanta Hawks
27
Washington Wizards
28
Chicago Bulls
29
Orlando Magic